MAE: 67.66401672363281
MSE: 96.94441223144531
